1 6 150
1 7 140
2 8 130
2 26 140
2 30 140
3 9 130
3 31 130
4 9 140
4 31 120
4 32 130
5 10 120
5 28 140
5 32 140
6 25 150
7 2 150
7 12 130
8 2 130
8 3 140
8 12 150
8 13 130
9 4 140
9 13 140
9 14 140
10 4 140
10 14 140
11 6 140
11 7 160
12 8 150
12 17 160
12 18 120
13 8 130
13 9 140
13 18 160
13 19 140
14 19 140
14 20 170
15 10 170
15 28 150
16 11 160
16 21 140
17 11 130
17 12 160
17 21 160
18 13 160
18 22 160
18 23 140
19 13 140
19 23 150
19 29 70
20 15 140
21 17 160
22 17 120
22 18 160
23 27 160
24 20 110
24 29 110
25 16 140
26 1 140
26 2 140
27 22 140
28 5 170
29 19 70
29 24 110
30 3 130
31 3 130
32 4 130
32 5 140